<?xml version="1.0"?>
<opencv_storage>
<CameraMatrix type_id="opencv-matrix">
  <rows>3</rows>
  <cols>3</cols>
  <dt>d</dt>
  <data>
    5.9622315035903421e+02 0. 3.1563852836893329e+02 0.
    5.9562201417761491e+02 2.4448757980962674e+02 0. 0. 1.</data></CameraMatrix>
<DistCoeff type_id="opencv-matrix">
  <rows>5</rows>
  <cols>1</cols>
  <dt>d</dt>
  <data>
    -1.1795257279921743e-01 1.1853898641567508e-01
    -4.4275012191535059e-04 1.9380371633659652e-03
    1.8043142705916455e-02</data></DistCoeff>
<RMS>1.2385576338954571e-01</RMS>
</opencv_storage>
