<?xml version="1.0"?>
<opencv_storage>
<CameraMatrix type_id="opencv-matrix">
  <rows>3</rows>
  <cols>3</cols>
  <dt>d</dt>
  <data>
    5.9046348173937179e+02 0. 3.0748638661989850e+02 0.
    5.8678778588616512e+02 2.5040399119606974e+02 0. 0. 1.</data></CameraMatrix>
<DistCoeff type_id="opencv-matrix">
  <rows>5</rows>
  <cols>1</cols>
  <dt>d</dt>
  <data>
    -1.1481064635137046e-01 9.1295008323726751e-02
    9.6346081864437838e-04 4.4555788496759586e-04 4.7130094522630964e-02</data></DistCoeff>
<RMS>1.0206985425064667e-01</RMS>
</opencv_storage>
