<?xml version="1.0"?>
<opencv_storage>
<numberMarkers>4</numberMarkers>
<list_points3d>
  2.2709999999999999e+02 0. -2.1500000000000000e+01
  -6.6500000000000000e+01 920. -23. -1.5759999999999999e+02 500.
  -8.5999999999999996e+00 -720. 0. -13.</list_points3d>
</opencv_storage>
