<?xml version="1.0"?>
<opencv_storage>
<posRef>
  -7.0545070341503492e+02 -2.2227602826885182e+01 4.8024446242522290e+03</posRef>
<M_NC type_id="opencv-matrix">
  <rows>3</rows>
  <cols>3</cols>
  <dt>d</dt>
  <data>
    2.1964352257489231e-03 9.9848961904794542e-01
    -5.4896778828892767e-02 -9.1059018528518354e-01
    2.4686241678679832e-02 4.1257254384420350e-01 4.1330459728219143e-01
    4.9082279136885038e-02 9.0926906894501525e-01</data></M_NC>
<eulerRef>
  3.0898233216835784e+00 -2.4412594189299501e+01 -8.9861797078009559e+01</eulerRef>
</opencv_storage>
