<?xml version="1.0"?>
<opencv_storage>
<M_NC type_id="opencv-matrix">
  <rows>3</rows>
  <cols>3</cols>
  <dt>d</dt>
  <data>
    2.4256033002509472e-02 9.9960348376071806e-01
    -1.4301052982795603e-02 -9.1292071256203278e-01
    2.7977986674004068e-02 4.0717687168710748e-01 4.0741553411500048e-01
    3.1792318419400500e-03 9.1323735964243358e-01</data></M_NC>
<posRef>
  8.3100072234894128e+01 2.4135054198173986e+01 4.8951516936150210e+03</posRef>
<eulerRef>
  1.9946165019587273e-01 -2.4042585764771292e+01 -8.8478026182508586e+01</eulerRef>
</opencv_storage>
